Latency HdrHistogram
-------------------------------------------------------------------
       Value   Percentile   TotalCount 1/(1-Percentile)

      34.719     0.000000            1         1.00
      66.751     0.100000          490         1.11
      74.623     0.200000          980         1.25
      81.727     0.300000         1470         1.43
      91.263     0.400000         1960         1.67
     107.903     0.500000         2450         2.00
     119.167     0.550000         2694         2.22
     131.455     0.600000         2941         2.50
     144.383     0.650000         3185         2.86
     161.151     0.700000         3430         3.33
     180.351     0.750000         3673         4.00
     190.463     0.775000         3798         4.44
     202.111     0.800000         3919         5.00
     218.495     0.825000         4041         5.71
     234.239     0.850000         4163         6.67
     249.215     0.875000         4285         8.00
     259.711     0.887500         4347         8.89
     268.287     0.900000         4408        10.00
     278.015     0.912500         4469        11.43
     290.047     0.925000         4530        13.33
     302.847     0.937500         4591        16.00
     311.039     0.943750         4622        17.78
     320.767     0.950000         4653        20.00
     335.359     0.956250         4685        22.86
     351.999     0.962500         4714        26.67
     378.111     0.968750         4744        32.00
     402.431     0.971875         4760        35.56
     437.247     0.975000         4775        40.00
     505.087     0.978125         4790        45.71
     567.807     0.981250         4806        53.33
     673.791     0.984375         4821        64.00
     748.031     0.985938         4829        71.11
     813.055     0.987500         4836        80.00
     909.823     0.989062         4844        91.43
     981.503     0.990625         4852       106.67
    1095.679     0.992188         4859       128.00
    1156.095     0.992969         4863       142.22
    1204.223     0.993750         4867       160.00
    1238.015     0.994531         4871       182.86
    1323.007     0.995313         4875       213.33
    1356.799     0.996094         4878       256.00
    1369.087     0.996484         4880       284.44
    1389.567     0.996875         4882       320.00
    1454.079     0.997266         4884       365.71
    1463.295     0.997656         4886       426.67
    1492.991     0.998047         4888       512.00
    1503.231     0.998242         4889       568.89
    1505.279     0.998437         4890       640.00
    1510.399     0.998633         4891       731.43
    1525.759     0.998828         4892       853.33
    1563.647     0.999023         4893      1024.00
    1563.647     0.999121         4893      1137.78
    1589.247     0.999219         4894      1280.00
    1589.247     0.999316         4894      1462.86
    1594.367     0.999414         4895      1706.67
    1594.367     0.999512         4895      2048.00
    1594.367     0.999561         4895      2275.56
    1599.487     0.999609         4896      2560.00
    1599.487     0.999658         4896      2925.71
    1599.487     0.999707         4896      3413.33
    1599.487     0.999756         4896      4096.00
    1599.487     0.999780         4896      4551.11
    1611.775     0.999805         4897      5120.00
    1611.775     1.000000         4897          inf
#[Mean    =      153.145, StdDeviation   =      151.043]
#[Max     =     1610.752, Total count    =         4897]
#[Buckets =           17, SubBuckets     =         2048]